000011100010110100011001000011100010111000101110000011100010111000011011
0000111000101110001011010000111000101110001011100001010000011010000110010
0011001000110010001010000001110001011100010000000001110001011100010110100
0011100010111000011001000011100010111000101010000011100010111000101110000
0111000101110000110110001010000001110001011100001101000001110001011110001
1100000011100010111000011101000011100010111000011110000011100010111100011
0110001010000001110001011100001101100010100000011100010111100101101000011
1000101111000110110000111000101110001011100000111000101110001011000001010
0000011100010111000011001000011100010111000011010000011100010111000100000
0000111000101110000110010000111000101111000111110000111000101110000111100
0010111000101000000111000101100000110110001010000001110001011100001110100
0011100010111000011110000011100010111000100010000011100010111100011010000
0111000101111000110110000111000101110000110110000111000101110001000010000
1110001011110001101100001110001011100001111000001110001011100010101100001
1100010111100101100000011100010111000101101000011100010111000101110000011
1000101111000110100000111000101111000110110000111000101110001000010001010
0000110100001100100011001000110010001010000001110001011100010000000001110
0010111000101101000011100010111000011001000011100010111000101010000011100
0101110001011100000111000101110000110110001010000001110001000100001111100
0101000000111000101111001011010000111000101111000110110000111000101110001
0111000010100000011100010111000011011000101000000111000101110001011100000
1110001011100001110100001110001011100010110100001110001011100010111000001
1100010111000101100000101000000111000101111000110100000111000101110001010
1100001110001011110001110000001110001011110010000000001110001011100001100
1000011100010111000011110000101000000111000101110000110100000111000101110
0010111000001110001011100010101100001110001011100001111000001110001011100
0011110000101000000111000101111001000000000111000101110000111100000111000
1011100010110000010100000011100010111000011101000011100010111000101110000