001011100001011001001100010110000101011001010110010011100101101101001100
0100111000010100000101100001010001001100010110000101011001010110010011100
1011011010011000100111000010100010011000101100001010111010011010101111001
0011000101110101001110010011010001010001011000010111110100111001011011000
1010001011101010100010100111000010100001100100101011101011101010011100101
1011010101110100111001011101000011100001101100101100000101000101011001011
0000101110001011101000101000101100001001111010111010100111001010111000101
0001011111010100100100101000010100010111010101000101001110000101000100000
0010110000101101101010101010011010001010001000000010100100100110101001110
0001010001000000010011100100101100010111000101000010111000010110010011000
1011000010101100101011001001110010110110100110001001110000101000100110001
0010100101011100010100010010100101100101011001010101010110001000010100010
1110101011000000101000101100101011110010110110100110001010001010010100101
1100010011100101110000010100010101100100101001001101010011100001010001011
1010101000101011011010110000101111001010000010100010001010001011101010100
0101001110000101000100000001001110010010110001010001011000010110110001010
0010111010101100000010100010010110101111001011100010100100101011101001110
0101110001011100000101100101110101011000000101100100101101011110010111000
1010010010101110100111001011100010111000001010001001010010011000101110101
0100100101111101010010010111010101001001001110010111000001010001011100010
1111001001100010100010001010001001010010111000001010001010010010101110101
1111010011100101011101011101010110000101101101100010000101000101110101011
0110100101001010111010111000100111101001110010110110101110000010111000101
0000101010000101000100110001011110010111000101110101011000010101100100111
0010110110001010001001100010010100101011100010100010110000101101101001101
0100111001011011000101000101001001011101010011100101011001011100000101000
1001111010110110101100001010110000101000100101000010100010111110100111001
0101110100110101011000010110110000111000011011001000000101110000010100010
0000001001110010010110001010001011100010100100101110101001110000011100001
1011001011000001010001011001010010100110001001010010010101110101000000010
1000110000001010010010111010101000100010100010010100001010001001100010110
1101001110010011010101001001011101000101000100110001001010010110110100110
1000101000000111000011011001000010101110101010001010011100001010001001100
0101111001011100010111010101100001010110010011100101101100010100010011100
1010111010111010100111001011011010111000001010001001010010011000100110001
0110000101111001010111010111010001010001010010010101110100111101011000010
1101101010110010010100101110101010010010110000101011100010100010111110101
0010010010100001010001011101010100010100111000010100010011000101100001010
1100101100101011110010111010100111001011011000011100001101100100010000101
0001011000010110110001010001100000010100100101110101010001000101000100101
0000101000101100101011011010011100101111101010010010110000101111001011100
0101010101100010000101000100111001011100010111010100101001001011010101010
1010010010111000101000101001110010011010001010000001110000110110001101101
0011000110001001001011010011100101101101001100010010100101110001010001000
0111000011011000110110001010001001010010011000100110001011000010111100101
0111010111010001011100010100001111010101000101001110000101000101110101011
0110100101001010111010111000100101001001100010111010101001001011000010101
1100010100010100100101011101001111010110000101101101010110010010100101110
1010100100101100001010111000101000101001001011100000101000101110101011011
0100101001010111010111000101011001010010010111010101110101001110010011010
0010100000011100001101100100001010111100101110001011110010010100101010101
0101010110001000010100010010110110001000010100010101100101100001001101010
0111001010110000101000000111000011011001000100001010001011101010110000001
0100010010100001010001001111010100100101011101001010010101110100110001010
0100100101001010101000101000101001001010111010111000101110101010010010111
0101011110010111010101001001011000010101110001010001001111010110000101101
1000101000101100101001010011000100101011001001110010101110101110100010100
0100110001010101010011100100101001011011010010100101011101001100010011100
0010100010010100101011101001101000101000101110101011000000101000101110101
0100010100111000010100010111110100111001010111010011010101100001011011000
1010001001111010110000101101100010100010110000101101101001101010011100101
1011000101000100111101011110010101010100111101010010010101010101010101010
1100100111001010111010111010001011100010100001110010100111001011011010111
0001011000010101110100101001010101000101000100101001010111010011010001010
0010010100100110001001100010110000101111001010111010111010001010001010010
0101011101001111010110000101101101010110010010100101110101010010010110000
1010111000101000101001001011100000101000101010001001110010110010101110100
0101000100110001011000010101110100111101010010010011010100111001010111010
1110101010010010010100101010100010100010111010101000101011011010110000101
1110010100000101000100010100010111010101000101001110000101000101111001011
1000100111000010100010110000100111100010100000011100001101100011011010111
0001001110010011000101111001011011010011100100110100010100010111010101101
1010010100101011101011100010010100100110001011101010100100101100001010111
0101110000001110000110110001101100010100010111010101000101001010010111010
0010100010111100101110001001110000101000100111001010111010011000101101101
1000100101100101011101010100100101100001010111000101000101110101001110010
0110001010001010101110101100001010101010110000101000001100010000101110000
1110000111000010110001001011010110110000111000011011001011110000111000011
1000010111000110010010101110001010001001010010101110001010001001110010011
1101001111010110000101101101011101000101000101110101011000000101000100111
1010111100101101101011101010100010100111001011011000101000101110101010001
0100111000010100010011010100111001011111010011100101010101011000010110010
1010110010011100101011101011101000101000101100001001111000101000100111000
0101100100110001011000010101100101011001001110010110110100110001001110000
0111000011011001011000001010001011101010100010100111000010100010011110100
1110010011010100111001011011010010100101010100010100001011100101010101001
1100100110001011101010110110101100001010111010100100100110000010100001111
0001010010010100000101011101001010010111010101111001011011010011100101110
0000101000010101001001100010111010001010000001110000110110010000100011011
0001100100011001000110010000111000011011001000100001010001001110010111000
1011101010010100100101101010101010100100101110001010001010011100100110100
0101000101111001010111010100100100111101011000010110110101011000010100010
1011101001010010111010101001001011000010101110100101001010101000101000101
1100010111010100101001010111010011010100101001011011010011010101110000010
1000100111101011000010110110001010001001101010011100101110101001110010110
1101010110010100100101011101010010010101110101000000010100010111010101000
1010011100001010001001100010100100101101101001100010111100101011001011100
0101110101001010010101110100110001001110010111000001010001011110010101110
1001101010011100101101100010100011000000101000101010010010011000101000100
0101000100110001011000010101110101110101011011010010100100110001011101010
1110000010100010010100101011101001101000101000101011101011000010111010101
0010010011110101001001001100010010100101110101010010010110000101011101011
1000001010001010010010101110001010001001110010101010100111001001100010111
0101011011010110000101011101010010010011000001010001001111010110000101101
1010101100001010001001010010110110100111000010100010101010100111001010000
0100101001010101010101010110001000010100010111110100101001010101010100100
1001101000101110001010000110101010011100101000001001010010101010001010001
0111000101110101001010010101110100110101001010010110110100110101011100000
1010001100000010011100101101101001110000101000100101001010101010111000101
1000000101000101110001011001010011100100110001010010010011110101001001001
1100100110100010100010110110100111001010000010010100101101101001101010100
1001010111010100000001010001011101010100010100111000010100010111100101110
0010011100001010001011000010011110001010001001010010101110001010001001110
0101010101001110010011000101110101011011010110000101011101010010010011000
0010100010111000101001001010000010101110100101001011101010111100101101101
0011100001010000001110000110110010000100001110000110110001101101001010010
1011100010100010011100101010101001110010011000101110101011011010110000101
0111010100100100110000010100010111000101100001011110010101110100110100001
1100001101100101100000101000101110001100010010101100100101101011000010101
0100001110000110110010110000010100010110000101101100010100010110010101101
1010110000100110001001110010111000101110000001110000110110010110000010100
0100101001011101010111010100101001001100010100010100111001001101000101000
1011101010110000001010001011000010110110001010001010101010110000101000001
0100100100110001001010010101010101010101100010000101000100101001011100010
1110001011000010011000101001001001010010111010100111001001101000101000110
0000010100100101110101010001000101000100101000010100010011000101100001010
1110101110101011011010010100100110001011101000101000101100001011011000101
0001011000010111010101000101001110010110110001010001011011010011100100110
0010110000101101101001101000101000100101001010111010011010001010001001110
0110000101001110010011000101111001011101010011100100110100010100010110000
1011011000101000100101001001101010110000101100101011101010011100100110100
0101000100101101100010000101000100101000010100010110010100111001011011010
1110001011000010101110001010001100000010100100101110101010001000101000101
1101010100010100111000010100010100100101011101011101010011100101011101011
1010001010001011101010110000001010001011100010100100101000001010111000101
0001011101010100010100111000010100010110110100111001001100010110000101101
1010011010000111000011011000110110000111000011011001000100000111000011011
0010110000010100010010110101111001011101000101000101110101010001010011100
0010100010101010100101001100000000101000100110101010010010011010001010001
0101110101100001011101000101000101110001011001010011100100110001010010010
0111101100010000101000101110101001110010011000101000101010111010110000101
0101010110000101000001010010010011000100101001010101000101000101110001011
1010100101001010111010011010100101001011011010011010101110000010100010011
1101011000010110110001010001010010010101100101100101010101010011100101011
0010011100101011101011101010100100101011101010000000101000101110101010001
0100111000010100010010100100110001011101000101110001010000111101010100010
1001110000101000100101001001100010111010001010001010000010010100101111101
0011100001010001001110010101010100111001001100010111010101101101011000010
1011101010010010011000001010001011100010100100101000001010111010010100101
1101010111100101101101001110010111000001010001001010000101000101010101001
1100101000001001010010101010001010001011100010111010100101001010111010011
0101010010010101110101000000010100010111000101001001010110010100100101010
1010010100101101100010100010111010101100000010100010111010101000101001010
0101110100010100010110000100111100010100010110010100101001011001010011100
1011011000101000101110001010010010100000101011101001010010111010101111001
0110110100111001011100000011100001101100101100000101000100101001010101010
1010101011000011000000101001001010111010100000001010001001100010110000101
0111010111010101101101001010010011000101110101011100000101000100101001010
1110100110100010100010110000101110101010001010011100101101100010100010010
1001010000010110110100111001001110010101100100111001010111010111010101110
0000011100001101100101100000101000101110001011110010011000101000100010100
0100101001011100000101000101110101010001010110000101110001001110000101000
1001110010111000101110101001010010010110101010101010010010111000101000101
0100100101011101010000000101000100101000010100010101010101100001001010010
1011100010100010110000101101100010100010010110101101101011000010101000100
1110010110110100101001010000010011100001010001001010010011000100110001011
0000101111001010111010111010000111000011011001011000001010001011101010110
0000010100010010110100111000010100010111000101001001010000010101110100111
0010011010001010001011000010101110001010001010101010100100101011101001110
0001011100001110000111000010110001001011010110110000111000011011001011110
0001110000111000010111000111000010101110100110001001110000101000100110001
0110000101011101011100010111100101011001001110010110110101110000001110000
1101100100000000101000110000001011000010110110101101101010010010011100101
1100000101000100111001001010010111000100111001001101000101000100101001001
0110101100001011110010111010001010001011000010101110001011001010101010100
1001010111010011100001010001001100010110110100111001001101010100100101110
1000101000100110001001010010110110100110100010100010110010101111001011011
0100110001010001010010100101110001001110010111000000111000011011001011000
0010100010011100001011001001100010110000101011001010110010011100101101101
0011000100111000010100010100000101101101001110011000000001010001011011010
0101001011001010100100100110101010101011000100001010001010010010101110001
0100010111010101000101001110000101000101010101001010010111010100111000010
1000001101000100010001000100001100101011100000101110001010000110010010101
1100010100000110100010001000100010001000010001010001011000010101110001011
0010101010101001001010111010011100001010001011011010011100101110101001010
0101001001010101000101000000111000011011001000010000111000011011000110110
1001110000101100101110101001010010100100101010100001110000110110001101100
0011100001101100100010000101000101110001001010010101010100111001011100000
1010001100000010011100101101101001110000101000000111000011011000111010010
0000000101110001101100010100010010110101001001010101010101010101001001011
0000101011100001110000110110010110000010100010011010101100001011110010010
1101010101010011100001010001011101010100010100111000010100010010100101011
0010110000101111001010111010111010001010001010010010101110001010000011010
0010001000100010001000000001011100010100001110000101011100010110010101010
1010010010101110100111000010100010110110100111001011101010010100101001001
0101010001010001011000010110110100110101001110010110110101001001010111010
1000000010100010110110100111001011001010110110100111001011100010011100101
0111010111010100111001001101000101000001101000011110000011100001101100011
1100001010001011000010011110001010001010111010110000101011101011100010111
0101011000010110110100111000010100010111000100101001010101010011100101110
0000101000000111000011011001000010110000001010001010100100100110001010001
0001010001010010010101110100110001010101010111100100110101001110010011010
0010100010011000100101001011101010010100101010101011000010100000101110000
0011100001101100101100000101000101110101001110010101010100111001011111010
1001001011100010100100101100001010111000101000101110001001010010101010100
1110010111000000111000011011001011000001010001001010010101110100110100010
1000100110101010010010110110100111001001100010111010001010001011100010010
1001010101010011100101110000001110000110110010001000010100010100100101011
1000101000001101000100010001000100010000100001110000110110010110000010100
0100101101011110010111010001010001011101010100010101001001011100000101000
1001100010110000101011101011100010111010101001001011101010111100101110101
0011100100110100010100010110000101011101010101011000100001010000011010000
0111000011011000111100001010001011000010011110001010001011101010110000101
1101010010100101010100010100010110110100111001011101010010100101001001010
1010001010001011011010011100101111101001110010101110101111001001110010111
0000010100010111010101000101001010010111010001010001100010010011100100101
0010110110001011100010100001010110101100001011000010101000101110000010100
0100101001011011010011100001010001011101010100010100111000010100010101100
1011000010111000101110100010100010110010101100001011001010111100101010101
0010100101101100010100010110000101011100010110010101010101001001010111010
0111000010100010110010101101101011000010011010101111001001100010111010001
0100010110000101101101001101010011100101101100001110001000100010000001100
0000101001001011101010100010001010001011000010111110100111001011011000101
0001010001010010100101010101001111000101000101100001001111000101000100000
0010011100100101100010100010111000101000101011000010110010101100101001110
0101101101011100000101000101100001011011010011010100111001011011010100100
1010111010100000001010001001011010110000101100001010100010111000001010000
0011100001101100100001010110000101011101001110000101000101100001010111000
1011001010101010100100101011101001110000101000100101101011000010110000101
0100010111000100111001010101010101010100111001011011000011100001101100101
1000001010000101010010101100100101001100011010110000101011100010111010011
0001011000010101100000111000011011001011000001010001100000010100010101001
0010011000101000100010100010111000101110101001010010110110101110101001110
0100110100010100010100100101011100010100000110100010001000100010000111100
0001110000110110010110000010100010100010100101001001101000101000101101101
0011100101111101001110010101110101111001001110010111000001010001011000010
0111100010100000011100001101100011101000111110001101000011001000101000101
0110010100100101010101010101010100100101100001010111000101000101001001010
1110001010000011010001000100010001000100001000011100001101100100010000011
1000100010001000000100111101011000010101010101010101011000011000000100111
0010011010001010001001011011000100001010001011100010110000100111101011101
0110000001001010010110110100111000001110000110110010110000010100010010100
1011110010011010101001001011000000101000100110001011000010101100101100101
0010100100110001011101000101000100110101010010010111000100110001011100000
0111000011011001011000001010001001010010101110100110100010100010110010100
1110010110110101110001011000010101110100101001010101000101000100110001011
0000101011001011001010111100101110101001110010110110101110000010100000101
1100010100001110000101110101010001010011100101101100010100010110000101011
1000101100101010101010010010101110100111000010100010011000101100001010110
0101011001001110010110110100110001001110000101000101001001010111010011000
1010101010111100100110101001110010111000001010001011101010110110100101001
0011010101001001010111010100000001010001011000010011110001010001011100010
1110101011000010011000101010001011100000011100001101100101100000101000101
1001010111100101101101001100010100010100101001011100010011100101110000010
1000101100001001111000101000100101001010010010110110101010101010010010101
1101001110000101000101110101010010010011000101010001001110010111010101110
0000101000100101001010111010011010001010001010000010110110101100001001100
0100111001011011010100100100111001011100000011100001101100101100000101000
1001010010101110100110100010100010110010100101001011011010111010101001001
0011000101001001011001010010100101110101010010010110000101011100010100010
1001001010111000101000100101001011110010011000101110101010010010110000101
01110101110000010111 